,법정동코드,법정동코드_del
5232,4211000000,42110000
5233,4211025000,42110250
5234,4211025021,42110250
5235,4211025022,42110250
5236,4211025023,42110250
5237,4211025024,42110250
5238,4211025025,42110250
5239,4211025026,42110250
5240,4211025027,42110250
5241,4211031000,42110310
5242,4211031021,42110310
5243,4211031022,42110310
5244,4211031023,42110310
5245,4211031024,42110310
5246,4211031025,42110310
5247,4211031026,42110310
5248,4211031027,42110310
5249,4211031028,42110310
5250,4211031029,42110310
5251,4211031030,42110310
5252,4211032000,42110320
5253,4211032021,42110320
5254,4211032022,42110320
5255,4211032023,42110320
5256,4211032024,42110320
5257,4211033000,42110330
5258,4211033021,42110330
5259,4211033022,42110330
5260,4211033023,42110330
5261,4211033024,42110330
5262,4211033025,42110330
5263,4211034000,42110340
5264,4211034021,42110340
5265,4211034022,42110340
5266,4211034023,42110340
5267,4211034024,42110340
5268,4211034025,42110340
5269,4211034026,42110340
5270,4211034027,42110340
5271,4211035000,42110350
5272,4211035021,42110350
5273,4211035022,42110350
5274,4211035023,42110350
5275,4211035024,42110350
5276,4211035025,42110350
5277,4211035026,42110350
5278,4211035027,42110350
5279,4211035028,42110350
5280,4211035029,42110350
5281,4211035030,42110350
5282,4211036000,42110360
5283,4211036021,42110360
5284,4211036022,42110360
5285,4211036023,42110360
5286,4211036024,42110360
5287,4211036025,42110360
5288,4211036026,42110360
5289,4211036027,42110360
5290,4211036028,42110360
5291,4211036029,42110360
5292,4211036030,42110360
5293,4211038000,42110380
5294,4211038021,42110380
5295,4211038022,42110380
5296,4211038023,42110380
5297,4211038024,42110380
5298,4211038025,42110380
5299,4211038026,42110380
5300,4211038027,42110380
5301,4211038028,42110380
5302,4211038029,42110380
5303,4211038030,42110380
5304,4211039000,42110390
5305,4211039021,42110390
5306,4211039022,42110390
5307,4211039023,42110390
5308,4211039024,42110390
5309,4211039025,42110390
5310,4211040000,42110400
5311,4211040022,42110400
5312,4211040023,42110400
5313,4211040024,42110400
5314,4211040025,42110400
5315,4211040026,42110400
5316,4211040027,42110400
5317,4211040028,42110400
5318,4211040029,42110400
5319,4211040030,42110400
5320,4211040031,42110400
5321,4211012200,42110122
5322,4211010800,42110108
5323,4211011000,42110110
5324,4211010500,42110105
5325,4211010600,42110106
5326,4211010900,42110109
5327,4211011100,42110111
5328,4211011300,42110113
5329,4211011700,42110117
5330,4211012900,42110129
5331,4211010100,42110101
5332,4211010200,42110102
5333,4211010300,42110103
5334,4211010400,42110104
5335,4211010700,42110107
5336,4211011400,42110114
5337,4211011500,42110115
5338,4211011600,42110116
5339,4211012000,42110120
5340,4211012000,42110120
5341,4211012000,42110120
5342,4211011200,42110112
5343,4211011200,42110112
5344,4211011200,42110112
5345,4211011200,42110112
5346,4211012400,42110124
5347,4211012300,42110123
5348,4211012100,42110121
5349,4211012500,42110125
5350,4211012600,42110126
5351,4211012700,42110127
5352,4211011800,42110118
5353,4211011900,42110119
5354,4211012800,42110128
